$ 1 0.000005 10.20027730826997 50 5 43 5e-11
v -144 128 -144 304 0 1 50 310 0 0 0.5
w -96 128 -144 128 0
w -96 304 -144 304 0
d -48 128 0 128 2 default
169 -96 192 -48 192 0 4 1 -0.41747165375088724 1.7143565122536286e-7 0.7598218568108488 0.99
w -96 128 -96 192 0
w -96 256 -96 304 0
w -48 192 -48 128 0
d -48 304 0 304 2 default
w -48 304 -48 256 0
w -48 224 0 224 0
r 0 128 0 224 0 100
w 0 304 48 304 0
w 48 304 48 128 0
w 0 128 48 128 0
x -27 245 29 248 4 14 负载电阻
b -29 147 32 256 0
o 11 64 0 4099 320 3.2 0 2 11 3
