$ 1 0.000005 10.20027730826997 50 5 43 5e-11
v -176 128 -176 304 0 1 50 310 0 0 0.5
T -144 192 -112 192 0 4 1 -3.0027205012432714 2.8468004764217154 0.999
w -176 128 -144 128 0
w -176 304 -144 304 0
w -144 224 -144 304 0
w -144 128 -144 192 0
d -80 208 -48 176 2 default
d -48 176 -16 208 2 default
d -80 208 -48 240 2 default
d -48 240 -16 208 2 default
w -112 192 -112 128 0
w -112 128 -48 128 0
w -48 128 -48 176 0
w -48 240 -48 304 0
w -48 304 -112 304 0
w -112 304 -112 224 0
w -80 208 -80 288 0
w -80 288 16 288 0
w -16 208 16 208 0
r 16 208 16 288 0 100
b -9 189 57 312 0
x -4 307 52 310 4 14 负载电阻
o 19 64 0 4099 320 3.2 0 2 19 3
