$ 1 0.000005 382.76258214399064 2 5 43 5e-11
v -176 128 -176 304 0 1 50 310 0 0 0.5
T -144 192 -112 192 0 4 1 -0.2837187970828382 -0.000030511342339376024 0.999
w -176 128 -144 128 0
w -176 304 -144 304 0
w -144 224 -144 304 0
w -144 128 -144 192 0
w -112 192 -112 176 0
x -195 244 -182 247 4 12 u1
x -50 286 -29 289 4 12 Uc1
x -128 237 -115 240 4 12 u2
d -32 176 16 256 2 default
d 16 256 64 176 2 default
w -80 176 -32 176 0
c -64 256 -16 256 4 0.000009999999999999999 -306.9848338230604 0.001 0
w -112 224 -112 256 0
w -80 256 -64 256 0
w -16 256 16 256 0
c -32 176 64 176 4 0.000049999999999999996 -515.2623863126785 0.001 0
r -32 128 64 128 0 10000
w -32 128 -32 176 0
w 64 128 64 176 0
x -56 270 -52 273 4 12 -
x -30 271 -24 274 4 12 \p
x -30 251 -16 254 4 12 C1
x -48 206 -23 209 4 14 VD1
x 57 207 82 210 4 14 VD2
x 8 201 22 204 4 12 C2
x 36 124 50 127 4 12 RL
p -80 176 -80 256 3 0 0 10000000
w -112 176 -80 176 0
w -112 256 -80 256 0
o 18 64 0 135170 1280 1.6 0 4 18 3 0 0 0 3
o 28 64 0 4098 1280 0.1 1 1
